[(0, array([ 161.30769231,  160.        ,  157.23076923]), array([[ 1957.23076923,  2113.25      ,  2042.50641026],
       [ 2113.25      ,  2433.        ,  2321.58333333],
       [ 2042.50641026,  2321.58333333,  2494.19230769]])), (1, array([ 45.14285714,  32.28571429,  27.        ]), array([[ 515.14285714,  146.45238095,  150.83333333],
       [ 146.45238095,  419.9047619 ,   31.16666667],
       [ 150.83333333,   31.16666667,  384.66666667]])), (2, array([  52.95833333,  224.20833333,  223.5       ]), array([[ 2046.82427536,   593.13949275,    60.58695652],
       [  593.13949275,   497.12862319,   195.7173913 ],
       [   60.58695652,   195.7173913 ,   326.95652174]])), (3, array([  46.96774194,  133.51612903,  218.19354839]), array([[ 1190.09892473,   530.75053763,   247.43978495],
       [  530.75053763,  1442.05806452,   591.23010753],
       [  247.43978495,   591.23010753,   713.49462366]])), (4, array([ 180.65454545,  107.05454545,  230.01818182]), array([[ 2471.26734007,  1517.48215488,   288.74713805],
       [ 1517.48215488,  5319.45993266,   621.25824916],
       [  288.74713805,   621.25824916,   509.98114478]])), (5, array([  39.21875,   33.28125,  180.0625 ]), array([[  849.66028226,   333.87197581,   243.56653226],
       [  333.87197581,   511.11189516,   208.59475806],
       [  243.56653226,   208.59475806,  1621.54435484]])), (6, array([  89.60465116,  190.95930233,   84.12790698]), array([[ 2976.2872297 ,   714.73820209,   319.23215014],
       [  714.73820209,  2312.03926969,   765.78301374],
       [  319.23215014,   765.78301374,  2676.73208214]])), (7, array([ 193.72649573,  112.58974359,   53.31623932]), array([[ 1850.66592986,  1104.24889478,   454.06999705],
       [ 1104.24889478,  5218.98541114,   848.99292661],
       [  454.06999705,   848.99292661,  1376.32154436]])), (8, array([ 168.41509434,   70.72641509,  132.82075472]), array([[ 3030.8165319 ,  1302.94321653,   955.75130279],
       [ 1302.94321653,  2429.6672956 ,   720.76001797],
       [  955.75130279,   720.76001797,  1912.16756514]])), (9, array([  40.76190476,   86.28571429,  134.38095238]), array([[ 1017.16144019,   109.70383275,   486.67828107],
       [  109.70383275,  1123.62369338,   908.8641115 ],
       [  486.67828107,   908.8641115 ,  1355.85133566]])), (10, array([ 135.23076923,  174.53846154,  196.07692308]), array([[ 1126.52564103,   769.11538462,   509.48076923],
       [  769.11538462,   799.93589744,   331.62179487],
       [  509.48076923,   331.62179487,   398.91025641]]))]