(array([ 37.11696417,   6.91973251,  19.97977707,  12.52432811,
        32.35027757,  20.10898587,  36.19659467,  29.39604065,
        35.79001025,  50.49767876,  31.96501959,  35.59396681]), array([[ 39.65294497,   1.78212079, -15.09669075,   1.19168153,
         15.9867613 ,   2.23954544, -11.83218157,  -3.36790632,
          3.77418691,  -0.64220528, -23.48906908,   0.90219482],
       [  1.78212079,   8.79588281,  -1.45629736,  -1.86231219,
          5.9799057 ,   5.97602689,  -9.28660143,  -2.27464157,
          6.8358183 ,   3.74401331,  -5.05814689,  -4.19202491],
       [-15.09669075,  -1.45629736,  16.36876174,   0.36500208,
         -4.58053796,  -0.08072356,   9.48986024,   2.315609  ,
         -0.85226057,   2.60982469,   9.23081975,  -3.36517098],
       [  1.19168153,  -1.86231219,   0.36500208,   2.35171801,
         -1.79649461,   0.30232108,   2.22264686,   1.089096  ,
         -1.76788699,   1.60626962,   1.14820197,   1.66799696],
       [ 15.9867613 ,   5.9799057 ,  -4.58053796,  -1.79649461,
         33.53386438,   4.2852082 , -27.03050113,  -4.71079207,
         19.35039471,   0.49326939, -19.82211942,  -5.37240903],
       [  2.23954544,   5.97602689,  -0.08072356,   0.30232108,
          4.2852082 ,   5.98867512,  -6.38467785,  -1.44619083,
          4.07921578,   4.84851173,  -2.86302653,  -2.13891917],
       [-11.83218157,  -9.28660143,   9.48986024,   2.22264686,
        -27.03050113,  -6.38467785,  39.13289421,   8.74819529,
        -13.21740121,   2.55442047,  20.67960738,   3.80963627],
       [ -3.36790632,  -2.27464157,   2.315609  ,   1.089096  ,
         -4.71079207,  -1.44619083,   8.74819529,   9.24874539,
         -3.36702674,   8.05838005,   7.33165687,  -0.71119877],
       [  3.77418691,   6.8358183 ,  -0.85226057,  -1.76788699,
         19.35039471,   4.07921578, -13.21740121,  -3.36702674,
         21.54686613,   0.98161376,  -7.48630929,  -5.67011236],
       [ -0.64220528,   3.74401331,   2.60982469,   1.60626962,
          0.49326939,   4.84851173,   2.55442047,   8.05838005,
          0.98161376,  13.8504951 ,   3.66781038,  -3.0986881 ],
       [-23.48906908,  -5.05814689,   9.23081975,   1.14820197,
        -19.82211942,  -2.86302653,  20.67960738,   7.33165687,
         -7.48630929,   3.66781038,  54.7230539 ,   8.58192726],
       [  0.90219482,  -4.19202491,  -3.36517098,   1.66799696,
         -5.37240903,  -2.13891917,   3.80963627,  -0.71119877,
         -5.67011236,  -3.0986881 ,   8.58192726,  13.79915695]]))